epoch_ms,event_ts_ns,AX,AY,AZ,GX,GY,GZ,label,sessionID
1777076226247,73125860119614,0.4309563,-3.5051112,9.107543,-0.0061086523,-0.018325957,0.02565634,FALLS,2eacc1d327fa
1777076226271,73125880230698,0.39504328,-3.58412,9.112331,0.376293,0.08552113,0.008552114,FALLS,2eacc1d327fa
1777076226383,73125900372300,0.49081135,-3.5817258,9.114726,-0.5766568,-0.013439035,0.014660766,FALLS,2eacc1d327fa
1777076226385,73125920544419,0.4213795,-3.5625722,9.176975,-0.05497787,0.015882496,0.04153884,FALLS,2eacc1d327fa
1777076226387,73125940655503,0.50278234,-3.643975,9.160215,-0.013439035,0.009773844,0.040317107,FALLS,2eacc1d327fa
1777076226389,73125960636069,0.4285621,-3.5362358,9.153033,-0.012217305,0.002443461,0.034208454,FALLS,2eacc1d327fa
1777076226391,73125980808189,0.45489833,-3.5889084,9.138668,-0.008552114,-0.0036651916,0.028099801,FALLS,2eacc1d327fa
1777076226395,73126000949790,0.47405192,-3.6176388,9.129091,-0.008552114,-0.0061086523,0.02565634,FALLS,2eacc1d327fa
1777076226519,73126021091392,0.5554548,-3.5936968,9.16261,-0.007330383,-0.010995574,0.017104227,FALLS,2eacc1d327fa
1777076226523,73126041232993,0.4429273,-3.6487634,9.169792,0.007330383,-0.009773844,0.015882496,FALLS,2eacc1d327fa
1777076226525,73126061374595,0.4213795,-3.6224272,9.0716305,0.017104227,-0.009773844,0.0061086523,FALLS,2eacc1d327fa
1777076226527,73126081485679,0.4165911,-3.5194764,9.107543,0.02321288,-0.0036651916,0.0036651916,FALLS,2eacc1d327fa
1777076226530,73126101657798,0.37588966,-3.5936968,9.095572,0.012217305,0.0061086523,-0.0012217305,FALLS,2eacc1d327fa
1777076226532,73126121799399,0.4213795,-3.5553896,9.114726,0.0012217305,0.014660766,-0.0012217305,FALLS,2eacc1d327fa
1777076226534,73126141971519,0.4261679,-3.5936968,9.138668,-0.017104227,0.012217305,0.0036651916,FALLS,2eacc1d327fa
1777076226660,73126162113120,0.48123455,-3.6511576,9.167398,-0.017104227,0.010995574,-0.002443461,FALLS,2eacc1d327fa
1777076226662,73126182254722,0.40701428,-3.5434184,9.19134,0.009773844,0.004886922,-0.0036651916,FALLS,2eacc1d327fa
1777076226664,73126202426841,0.32561144,-3.5649664,9.210494,0.015882496,-0.0012217305,-0.002443461,FALLS,2eacc1d327fa
1777076226667,73126222568442,0.34237084,-3.6224272,9.157822,0.010995574,-0.017104227,0.0036651916,FALLS,2eacc1d327fa
1777076226668,73126242710044,0.36152446,-3.6248214,9.124303,0.02321288,-0.02687807,0.0061086523,FALLS,2eacc1d327fa
1777076226671,73126262851646,0.35673606,-3.5817258,9.074024,0.03176499,-0.029321533,0.004886922,FALLS,2eacc1d327fa
1777076226673,73126283023765,0.39983168,-3.4979286,9.021352,0.019547688,-0.02687807,0.012217305,FALLS,2eacc1d327fa
1777076226696,73126303165366,0.35434186,-3.5697548,9.062054,-0.0061086523,-0.028099801,0.013439035,FALLS,2eacc1d327fa
1777076226802,73126323306968,0.3854665,-3.58412,8.990228,-0.012217305,-0.02565634,0.018325957,FALLS,2eacc1d327fa
1777076226807,73126343479087,0.36870706,-3.7086184,9.0476885,0.004886922,-0.019547688,0.018325957,FALLS,2eacc1d327fa
1777076226811,73126363651206,0.34476504,-3.6391866,9.081207,0.02321288,-0.019547688,0.018325957,FALLS,2eacc1d327fa
1777076226812,73126383792808,0.37828386,-3.514688,9.0716305,0.010995574,-0.02321288,0.021991149,FALLS,2eacc1d327fa
1777076226816,73126403934409,0.38307226,-3.6128504,9.0476885,-0.012217305,-0.02443461,0.028099801,FALLS,2eacc1d327fa
1777076226818,73126424014976,0.40940848,-3.6487634,9.059659,-0.021991149,-0.017104227,0.032986723,FALLS,2eacc1d327fa
1777076226830,73126444187095,0.35913026,-3.8379054,9.057265,-0.012217305,-0.018325957,0.036651913,FALLS,2eacc1d327fa
1777076226946,73126464328696,0.35194764,-3.7110126,9.074024,0.017104227,-0.02076942,0.03176499,FALLS,2eacc1d327fa
1777076226949,73126484470298,0.34476504,-3.5649664,9.069236,0.02565634,-0.02076942,0.036651913,FALLS,2eacc1d327fa
1777076226952,73126504581382,0.31603462,-3.572149,9.090784,-0.008552114,-0.02321288,0.042760566,FALLS,2eacc1d327fa
1777076226956,73126524753501,0.35434186,-3.7014358,9.050082,-0.02443461,-0.02443461,0.04520403,FALLS,2eacc1d327fa
1777076226960,73126544895103,0.3184288,-3.8115692,9.057265,-0.015882496,-0.02076942,0.043982297,FALLS,2eacc1d327fa
1777076226962,73126565006187,0.272939,-3.7014358,9.050082,0.002443461,-0.019547688,0.042760566,FALLS,2eacc1d327fa
1777076226971,73126585178306,0.25617957,-3.6367924,8.9998045,0.002443461,-0.02443461,0.047647487,FALLS,2eacc1d327fa
1777076227047,73126605258872,0.272939,-3.6343982,8.990228,-0.009773844,-0.032986723,0.056199603,FALLS,2eacc1d327fa
1777076227049,73126625430991,0.272939,-3.7181952,8.992621,-0.02687807,-0.030543262,0.064751714,FALLS,2eacc1d327fa
1777076227052,73126645572593,0.29448682,-3.7373488,9.040505,-0.029321533,-0.028099801,0.0720821,FALLS,2eacc1d327fa
1777076227058,73126665714194,0.34237084,-3.643975,8.939949,-0.039095376,-0.02687807,0.07696902,FALLS,2eacc1d327fa
1777076227078,73126685825278,0.30166942,-3.6942532,8.853758,-0.056199603,-0.019547688,0.080634214,FALLS,2eacc1d327fa
1777076227191,73126705997398,0.33518824,-3.7014358,8.717288,-0.07452556,-0.007330383,0.081855945,FALLS,2eacc1d327fa
1777076227195,73126726138999,0.34715924,-3.7325604,8.688558,-0.08307768,0.009773844,0.07696902,FALLS,2eacc1d327fa
1777076227197,73126746250083,0.31124622,-4.1156325,8.772355,-0.07086037,0.015882496,0.0720821,FALLS,2eacc1d327fa
1777076227202,73126766422202,0.17477672,-3.7804444,8.62152,-0.02076942,0.029321533,0.04520403,FALLS,2eacc1d327fa
1777076227204,73126786563804,0.08140286,-3.7732618,8.537724,-0.02321288,0.040317107,0.05009095,FALLS,2eacc1d327fa
1777076227206,73126806705405,0.10295067,-3.7373488,8.599973,-0.08307768,0.05497787,0.073303826,FALLS,2eacc1d327fa
1777076227212,73126826847007,0.0023942017,-3.9504328,8.652645,-0.13194689,0.06719518,0.09285152,FALLS,2eacc1d327fa
1777076227332,73126846988608,-0.031124622,-4.1012673,8.53054,-0.15027285,0.07819075,0.10629055,FALLS,2eacc1d327fa
1777076227334,73126867160728,0.074220255,-4.122815,8.516175,-0.1563815,0.09040806,0.103847094,FALLS,2eacc1d327fa
1777076227335,73126887302329,0.059855044,-3.98874,8.456321,-0.15760323,0.1001819,0.10140363,FALLS,2eacc1d327fa
1777076227338,73126907413413,0.06703765,-3.9456444,8.348581,-0.17837265,0.10995574,0.10262536,FALLS,2eacc1d327fa
1777076227340,73126927524497,0.009576807,-4.0414124,8.269572,-0.22357668,0.11484267,0.111177474,FALLS,2eacc1d327fa
1777076227342,73126947696616,-0.023942016,-4.134786,8.202535,-0.23090707,0.13561209,0.119729586,FALLS,2eacc1d327fa
1777076227355,73126967777183,-0.038307227,-4.0174704,8.259995,-0.22724187,0.15515977,0.11728613,FALLS,2eacc1d327fa
1777076227472,73126987918784,-0.17477672,-3.9719806,8.224083,-0.21868975,0.172264,0.11484267,FALLS,2eacc1d327fa
1777076227475,73127008090903,-0.15083471,-3.9193082,8.034941,-0.24190263,0.16371189,0.10995574,FALLS,2eacc1d327fa
1777076227476,73127028263023,-0.0047884034,-3.9193082,7.867347,-0.2724459,0.15760323,0.11362094,FALLS,2eacc1d327fa
1777076227481,73127048374106,-0.23463176,-3.9695864,7.687782,-0.24190263,0.1966986,0.103847094,FALLS,2eacc1d327fa
1777076227483,73127068546226,-0.21547815,-3.8642416,7.575254,-0.1966986,0.17837265,0.11484267,FALLS,2eacc1d327fa
1777076227485,73127088657310,-0.37588966,-3.8905778,7.2113357,-0.16126843,0.19303341,0.103847094,FALLS,2eacc1d327fa
1777076227494,73127108829429,-0.20590134,-3.5338416,6.8450227,-0.10629055,0.15515977,0.07574729,FALLS,2eacc1d327fa
1777076227556,73127128940513,-0.23223756,-3.4859576,6.727707,-0.10995574,0.14905111,0.04520403,FALLS,2eacc1d327fa
1777076227558,73127149082114,-0.4429273,-3.3327289,6.325481,-0.080634214,0.1563815,0.017104227,FALLS,2eacc1d327fa
1777076227560,73127169223716,-0.46926352,-3.4691982,6.145916,-0.018325957,0.14172074,-0.002443461,FALLS,2eacc1d327fa
1777076227574,73127189395835,-0.49320555,-2.956839,5.4683566,0.06719518,0.10873401,-0.04520403,FALLS,2eacc1d327fa
1777076227636,73127209537437,-0.50517654,-2.4037786,5.035006,0.057421334,0.13194689,-0.036651913,FALLS,2eacc1d327fa
1777076227639,73127229648521,-0.50038815,-2.15957,4.5633483,-0.052534413,0.09896017,-0.018325957,FALLS,2eacc1d327fa
1777076227645,73127249790122,-0.50757074,-2.135628,4.4460325,-0.22602014,0.07696902,-0.0036651916,FALLS,2eacc1d327fa
1777076227655,73127269870689,-1.0821792,-1.6256629,5.183447,-0.40317106,0.058643065,0.10629055,FALLS,2eacc1d327fa
1777076227714,73127290042808,-0.36870706,-2.1404164,4.6902413,-0.6389651,-0.02076942,0.08552113,FALLS,2eacc1d327fa
1777076227718,73127310184409,-0.25378537,-2.992752,4.6806645,-0.84665924,-0.05009095,0.0720821,FALLS,2eacc1d327fa
1777076227719,73127330326011,0.20829555,-3.5769374,4.841076,-0.8735373,-0.015882496,0.087964594,FALLS,2eacc1d327fa
1777076227737,73127350467612,0.0023942017,-4.8961425,6.081272,-0.8527679,0.012217305,0.112399206,FALLS,2eacc1d327fa
1777076227787,73127370639731,0.093373865,-5.671864,7.967903,-0.752586,0.018325957,0.14905111,FALLS,2eacc1d327fa
1777076227790,73127390781333,-0.39743748,-5.3582234,9.591172,-0.5534439,-0.018325957,0.17470746,FALLS,2eacc1d327fa
1777076227797,73127410922935,-0.38067806,-5.705383,11.235989,-0.54244834,-0.10751228,0.20525073,FALLS,2eacc1d327fa
1777076227861,73127431095054,0.21308395,-7.513005,13.283031,-0.83077675,-0.1685988,0.09162979,FALLS,2eacc1d327fa
1777076227864,73127451267173,0.24181437,-8.50181,14.829685,-0.9114109,-0.09896017,0.02443461,FALLS,2eacc1d327fa
1777076227866,73127471439292,0.40462008,-9.387665,17.762583,-0.8246681,-0.07574729,0.04886922,FALLS,2eacc1d327fa
1777076227884,73127491550376,0.94570965,-11.341333,18.636467,-0.7244862,-0.27855456,-0.12461651,FALLS,2eacc1d327fa
1777076227988,73127511722495,2.018312,-11.001357,19.246988,-0.07452556,-0.49602258,-0.25778514,FALLS,2eacc1d327fa
1777076227989,73127531864097,1.9752164,-10.994174,18.298883,0.34574974,-0.55833083,-0.2846632,FALLS,2eacc1d327fa
1777076227992,73127552005698,2.2625206,-9.497798,16.599,0.9138544,-0.63163465,-0.2932153,FALLS,2eacc1d327fa
1777076227995,73127572147300,1.4197617,-8.365341,14.669273,0.66950834,-0.593761,-0.25167647,FALLS,2eacc1d327fa
1777076227997,73127592288901,0.6871359,-8.655039,12.722788,0.42149702,-0.5497787,-0.19914207,FALLS,2eacc1d327fa
1777076228005,73127612430503,0.5410896,-8.039729,10.824186,0.4166101,-0.38362336,-0.14294247,FALLS,2eacc1d327fa
1777076228067,73127632572105,0.45010993,-6.5361705,9.078813,0.6817256,-0.2003638,-0.15882497,FALLS,2eacc1d327fa
1777076228071,73127652683189,0.6967127,-4.900931,7.831434,0.79534656,-0.02076942,-0.21868975,FALLS,2eacc1d327fa
1777076228073,73127672855308,0.7493851,-3.6008794,6.88333,0.86254174,0.12095132,-0.2602286,FALLS,2eacc1d327fa
1777076228084,73127692966392,0.7589619,-2.2361844,6.471527,0.84788096,0.20769419,-0.27977628,FALLS,2eacc1d327fa
1777076228146,73127713107993,0.9959879,-1.3359646,6.3781533,0.7244862,0.24190263,-0.23945917,FALLS,2eacc1d327fa
1777076228150,73127733280112,1.1947067,-1.5131354,6.0980315,0.39461896,0.22602014,-0.1966986,FALLS,2eacc1d327fa
1777076228152,73127753360679,1.5658079,-2.1452048,5.7389016,0.14782938,0.17104226,-0.1563815,FALLS,2eacc1d327fa
1777076228160,73127773532798,1.5251064,-2.5067291,6.0740895,0.3200934,0.13194689,-0.065973446,FALLS,2eacc1d327fa
1777076228273,73127793643882,1.2856863,-2.4133554,6.459556,0.5900958,0.061086524,0.015882496,FALLS,2eacc1d327fa
1777076228276,73127813785483,0.94570965,-2.4540567,7.144298,0.6096435,-0.064751714,0.05375614,FALLS,2eacc1d327fa
1777076228279,73127833927085,0.45729253,-2.8419175,7.5345526,0.44837508,-0.172264,0.08674286,FALLS,2eacc1d327fa
1777076228282,73127854038169,0.1436521,-3.2824504,7.845799,0.25534168,-0.24190263,0.10873401,FALLS,2eacc1d327fa
1777076228284,73127874179771,-0.15562311,-3.7900212,8.384495,0.15271631,-0.23457226,0.11484267,FALLS,2eacc1d327fa
1777076228286,73127894351890,-0.021547815,-3.8666358,8.908825,0.1563815,-0.17348573,0.12583824,FALLS,2eacc1d327fa
1777076228303,73127914462974,0.090979666,-4.050989,9.267955,0.021991149,-0.15149458,0.21624629,FALLS,2eacc1d327fa
1777076228354,73127934604575,0.38067806,-4.5058875,9.598354,-0.1966986,-0.089186326,0.10873401,FALLS,2eacc1d327fa
1777076228356,73127954776694,0.8355764,-4.7979803,9.991004,-0.2773328,0.019547688,0.0842994,FALLS,2eacc1d327fa
1777076228362,73127974887778,1.0199299,-5.3318872,10.134656,-0.35796702,0.07452556,0.02076942,FALLS,2eacc1d327fa
1777076228380,73127995029380,1.0103531,-5.5401826,10.328587,-0.30176744,0.13316862,-0.030543262,FALLS,2eacc1d327fa
1777076228434,73128015140464,0.82360536,-5.511452,10.31901,-0.15882497,0.15515977,-0.040317107,FALLS,2eacc1d327fa
1777076228437,73128035282065,0.6847417,-5.046977,10.158598,0.0,0.13683382,-0.06719518,FALLS,2eacc1d327fa
1777076228444,73128055423667,0.59855044,-4.4795513,9.665392,0.07574729,0.064751714,-0.06719518,FALLS,2eacc1d327fa
1777076228558,73128075565269,0.6871359,-4.235343,9.105149,0.13316862,0.009773844,-0.065973446,FALLS,2eacc1d327fa
1777076228562,73128095676353,0.80205756,-3.8714242,8.762778,0.20647246,-0.007330383,-0.06963864,FALLS,2eacc1d327fa
1777076228564,73128115817954,0.80445176,-3.6343982,8.513782,0.21502456,-0.010995574,-0.06719518,FALLS,2eacc1d327fa
1777076228566,73128135898521,0.8379706,-3.572149,8.300697,0.19303341,-0.013439035,-0.07819075,FALLS,2eacc1d327fa
1777076228568,73128156040122,0.8690952,-3.4835634,8.264784,0.16982053,-0.009773844,-0.08674286,FALLS,2eacc1d327fa
1777076228570,73128176120689,0.7757214,-3.4284968,8.207323,0.14049901,-0.012217305,-0.0842994,FALLS,2eacc1d327fa
1777076228686,73128196292808,0.79966336,-3.4284968,8.274361,0.09773844,-0.0036651916,-0.07574729,FALLS,2eacc1d327fa
1777076228690,73128216312339,0.5746084,-3.6176388,8.418014,0.047647487,-0.007330383,-0.05131268,FALLS,2eacc1d327fa
1777076228692,73128236453940,0.40940848,-3.7421372,8.59279,0.010995574,-0.030543262,-0.029321533,FALLS,2eacc1d327fa
1777076228694,73128256534507,0.4285621,-3.8139634,8.6574335,-0.02321288,-0.056199603,-0.002443461,FALLS,2eacc1d327fa
1777076228695,73128276676108,0.32321724,-4.003105,8.834604,-0.095294975,-0.07452556,0.02443461,FALLS,2eacc1d327fa
1777076228698,73128296695640,0.28491,-4.122815,9.009381,-0.16615535,-0.08307768,0.04642576,FALLS,2eacc1d327fa
1777076228707,73128316837241,0.37349546,-4.3143516,9.138668,-0.21991149,-0.06963864,0.058643065,FALLS,2eacc1d327fa
1777076228820,73128336917808,0.4213795,-4.5178585,9.220071,-0.23335053,-0.04886922,0.061086524,FALLS,2eacc1d327fa
1777076228824,73128357059409,0.44532153,-4.4819455,9.246407,-0.21746802,-0.018325957,0.05131268,FALLS,2eacc1d327fa
1777076228825,73128377139976,0.49799395,-4.6375685,9.244013,-0.18692477,0.0036651916,0.039095376,FALLS,2eacc1d327fa
1777076228828,73128397312095,0.59376204,-4.5657425,9.224859,-0.13194689,0.029321533,0.02443461,FALLS,2eacc1d327fa
1777076228830,73128417453696,0.62009823,-4.537012,9.232041,-0.05009095,0.04642576,0.018325957,FALLS,2eacc1d327fa
1777076228832,73128437595298,0.6536171,-4.402937,9.186552,0.018325957,0.037873644,0.008552114,FALLS,2eacc1d327fa
1777076228843,73128457736899,0.6847417,-4.1946416,8.920795,0.0842994,0.03176499,0.0036651916,FALLS,2eacc1d327fa
1777076228905,73128477847983,0.62967503,-4.0198646,8.738836,0.10751228,0.0061086523,-0.0012217305,FALLS,2eacc1d327fa
1777076228907,73128498020103,0.59136784,-3.9791632,8.616732,0.08307768,-0.012217305,-0.002443461,FALLS,2eacc1d327fa
1777076228909,73128518161704,0.60094464,-3.98874,8.444349,0.034208454,-0.037873644,-0.0012217305,FALLS,2eacc1d327fa
1777076228930,73128538272788,0.59855044,-4.0701427,8.444349,-0.007330383,-0.05131268,0.0061086523,FALLS,2eacc1d327fa
1777076229036,73128558414390,0.60573304,-4.1635165,8.506598,-0.035430185,-0.057421334,0.014660766,FALLS,2eacc1d327fa
1777076229038,73128578555991,0.59136784,-4.2281604,8.578424,-0.04886922,-0.06841691,0.017104227,FALLS,2eacc1d327fa
1777076229040,73128598636558,0.61291564,-4.201824,8.690952,-0.064751714,-0.06841691,0.02076942,FALLS,2eacc1d327fa
1777076229044,73128618808677,0.6464345,-4.3766007,8.817844,-0.096516706,-0.06841691,0.019547688,FALLS,2eacc1d327fa
1777076229045,73128638950278,0.62249243,-4.5896845,9.0429,-0.09040806,-0.06352998,0.018325957,FALLS,2eacc1d327fa
1777076229047,73128659091880,0.59376204,-4.630386,9.021352,-0.04886922,-0.06963864,0.0036651916,FALLS,2eacc1d327fa
1777076229068,73128679202964,0.6871359,-4.462792,8.9998045,-0.0012217305,-0.058643065,-0.010995574,FALLS,2eacc1d327fa
1777076229186,73128699314048,0.6584055,-4.3718123,8.916007,-0.008552114,-0.043982297,-0.018325957,FALLS,2eacc1d327fa
1777076229191,73128719486167,0.7517793,-4.3287168,8.875306,-0.03176499,-0.032986723,-0.019547688,FALLS,2eacc1d327fa
1777076229193,73128739597251,0.7398083,-4.3047748,8.889671,-0.035430185,-0.013439035,-0.019547688,FALLS,2eacc1d327fa
1777076229196,73128759769370,0.7733272,-4.3047748,8.856153,-0.028099801,0.0012217305,-0.018325957,FALLS,2eacc1d327fa
1777076229198,73128779910972,0.6967127,-4.333505,8.813056,-0.012217305,0.012217305,-0.013439035,FALLS,2eacc1d327fa
1777076229202,73128800052573,0.7613561,-4.2760444,8.765172,-0.0061086523,0.014660766,-0.008552114,FALLS,2eacc1d327fa
1777076229207,73128820163657,0.81402856,-4.3239284,8.772355,-0.004886922,0.010995574,-0.002443461,FALLS,2eacc1d327fa
1777076229276,73128840335776,0.7398083,-4.232949,8.7532015,-0.007330383,0.0061086523,0.002443461,FALLS,2eacc1d327fa
1777076229281,73128860446860,0.7541735,-4.1683054,8.669404,-0.02687807,-0.002443461,0.004886922,FALLS,2eacc1d327fa
1777076229283,73128880588462,0.7254431,-4.211401,8.676587,-0.05375614,-0.0036651916,0.0061086523,FALLS,2eacc1d327fa
1777076229288,73128900699546,0.6679823,-4.4723687,8.693346,-0.07452556,-0.008552114,0.009773844,FALLS,2eacc1d327fa
1777076229350,73128920871665,0.641646,-4.405331,8.6334915,-0.073303826,-0.0036651916,0.008552114,FALLS,2eacc1d327fa
1777076229352,73128940982749,0.6919243,-4.3622355,8.748413,-0.0720821,-0.002443461,0.004886922,FALLS,2eacc1d327fa
1777076229354,73128961154868,0.6847417,-4.4244847,8.748413,-0.07086037,-0.002443461,0.007330383,FALLS,2eacc1d327fa
1777076229372,73128981326987,0.6799533,-4.477157,8.731653,-0.059864793,-0.0036651916,0.007330383,FALLS,2eacc1d327fa
1777076229418,73129001468589,0.7182605,-4.4340615,8.717288,-0.062308256,0.0,0.007330383,FALLS,2eacc1d327fa
1777076229422,73129021579673,0.7254431,-4.572925,8.678981,-0.073303826,-0.004886922,0.013439035,FALLS,2eacc1d327fa
1777076229427,73129041751792,0.6775591,-4.5034933,8.7532015,-0.080634214,0.0012217305,0.012217305,FALLS,2eacc1d327fa
1777076229485,73129061893394,0.6464345,-4.5561657,8.789114,-0.0720821,0.0036651916,0.012217305,FALLS,2eacc1d327fa
1777076229487,73129081973960,0.6392518,-4.596867,8.772355,-0.06841691,-0.0012217305,0.014660766,FALLS,2eacc1d327fa
1777076229495,73129102085044,0.7565677,-4.584896,8.750807,-0.06719518,-0.002443461,0.010995574,FALLS,2eacc1d327fa
1777076229604,73129122226646,0.7637503,-4.537012,8.731653,-0.05375614,0.0012217305,0.008552114,FALLS,2eacc1d327fa
1777076229606,73129142337730,0.7086837,-4.5394063,8.690952,-0.029321533,0.0,0.009773844,FALLS,2eacc1d327fa
1777076229608,73129162479331,0.79966336,-4.525041,8.6574335,-0.017104227,0.0036651916,0.0036651916,FALLS,2eacc1d327fa
1777076229611,73129182620933,0.7781156,-4.4963107,8.722076,-0.007330383,0.012217305,0.002443461,FALLS,2eacc1d327fa
1777076229613,73129202732017,0.7493851,-4.5537715,8.714894,-0.0012217305,0.019547688,0.0012217305,FALLS,2eacc1d327fa
1777076229616,73129222904136,0.7015011,-4.5537715,8.719683,0.0036651916,0.012217305,-0.002443461,FALLS,2eacc1d327fa
1777076229632,73129243015220,0.6703765,-4.405331,8.714894,0.0061086523,0.008552114,-0.0036651916,FALLS,2eacc1d327fa
1777076229734,73129263156821,0.7158663,-4.5274353,8.702923,-0.010995574,0.009773844,-0.0036651916,FALLS,2eacc1d327fa
1777076229736,73129283267905,0.7350199,-4.534618,8.652645,-0.019547688,0.012217305,-0.004886922,FALLS,2eacc1d327fa
1777076229737,73129303409507,0.7230489,-4.486734,8.602366,-0.019547688,0.013439035,-0.002443461,FALLS,2eacc1d327fa
1777076229740,73129323520591,0.6679823,-4.5753193,8.652645,-0.029321533,0.012217305,0.0,FALLS,2eacc1d327fa
1777076229743,73129343692710,0.7278373,-4.4843397,8.671799,-0.04153884,0.009773844,0.002443461,FALLS,2eacc1d327fa
1777076229749,73129363834312,0.6895301,-4.654328,8.693346,-0.047647487,0.02076942,0.002443461,FALLS,2eacc1d327fa
1777076229871,73129383975913,0.6536171,-4.6710877,8.678981,-0.039095376,0.013439035,0.0012217305,FALLS,2eacc1d327fa
1777076229874,73129404117515,0.6392518,-4.6375685,8.7053175,-0.030543262,0.010995574,0.0,FALLS,2eacc1d327fa
1777076229876,73129424228599,0.6440403,-4.663905,8.695741,-0.02565634,0.007330383,0.0,FALLS,2eacc1d327fa
1777076229878,73129444400718,0.7398083,-4.5561657,8.631097,-0.02321288,0.010995574,-0.0012217305,FALLS,2eacc1d327fa
1777076229880,73129464572837,0.59855044,-4.534618,8.683769,-0.029321533,0.014660766,0.0012217305,FALLS,2eacc1d327fa
1777076229883,73129484714439,0.59376204,-4.6351743,8.669404,-0.05497787,0.007330383,0.0012217305,FALLS,2eacc1d327fa
1777076229892,73129504856040,0.6464345,-4.6950297,8.686164,-0.052534413,0.007330383,0.0012217305,FALLS,2eacc1d327fa
1777076229953,73129524936606,0.7158663,-4.608838,8.6813755,-0.035430185,0.004886922,0.0036651916,FALLS,2eacc1d327fa
1777076229955,73129545108726,0.6967127,-4.5633483,8.6334915,-0.032986723,0.009773844,0.007330383,FALLS,2eacc1d327fa
1777076229958,73129565250327,0.6392518,-4.6232033,8.59279,-0.04153884,0.013439035,0.008552114,FALLS,2eacc1d327fa
1777076229973,73129585391929,0.7350199,-4.6662993,8.643068,-0.03176499,0.015882496,0.015882496,FALLS,2eacc1d327fa
1777076230026,73129605472495,0.6440403,-4.6495395,8.6334915,-0.034208454,0.014660766,0.012217305,FALLS,2eacc1d327fa
1777076230029,73129625614097,0.6679823,-4.687847,8.623915,-0.034208454,0.013439035,0.014660766,FALLS,2eacc1d327fa
1777076230035,73129645755698,0.6919243,-4.618415,8.626308,-0.028099801,0.010995574,0.013439035,FALLS,2eacc1d327fa
1777076230091,73129665927817,0.6799533,-4.675876,8.671799,-0.029321533,0.008552114,0.010995574,FALLS,2eacc1d327fa
1777076230093,73129686038901,0.6823475,-4.5633483,8.676587,-0.02443461,-0.002443461,0.010995574,FALLS,2eacc1d327fa
1777076230095,73129706088950,0.6895301,-4.4675803,8.693346,-0.028099801,-0.0036651916,0.012217305,FALLS,2eacc1d327fa
1777076230156,73129726200034,0.7134721,-4.6519337,8.614338,-0.05131268,-0.0012217305,0.02076942,FALLS,2eacc1d327fa
1777076230158,73129746311118,0.62967503,-4.733337,8.6095495,-0.056199603,0.004886922,0.02076942,FALLS,2eacc1d327fa
1777076230160,73129766422202,0.6727707,-4.673482,8.6334915,-0.065973446,0.0,0.015882496,FALLS,2eacc1d327fa
1777076230277,73129786502769,0.62249243,-4.7381253,8.544906,-0.058643065,0.008552114,0.017104227,FALLS,2eacc1d327fa
1777076230281,73129806644370,0.581791,-4.687847,8.59279,-0.052534413,0.012217305,0.018325957,FALLS,2eacc1d327fa
1777076230283,73129826724937,0.7206547,-4.7022123,8.552089,-0.057421334,0.019547688,0.019547688,FALLS,2eacc1d327fa
1777076230286,73129846836021,0.6584055,-4.7860093,8.635885,-0.07086037,0.015882496,0.019547688,FALLS,2eacc1d327fa
1777076230289,73129866947105,0.6679823,-4.8003745,8.6334915,-0.057421334,0.017104227,0.021991149,FALLS,2eacc1d327fa
1777076230292,73129887119224,0.6344634,-4.781221,8.597578,-0.04642576,0.017104227,0.019547688,FALLS,2eacc1d327fa
1777076230294,73129907260825,0.6655881,-4.8386817,8.599973,-0.05009095,0.017104227,0.02076942,FALLS,2eacc1d327fa
1777076230412,73129927432944,0.6560113,-4.8626237,8.564059,-0.057421334,0.02687807,0.021991149,FALLS,2eacc1d327fa
1777076230414,73129947574546,0.5793968,-4.9440265,8.528147,-0.057421334,0.03176499,0.018325957,FALLS,2eacc1d327fa
1777076230416,73129967685630,0.61530983,-4.8243165,8.53054,-0.04886922,0.03176499,0.015882496,FALLS,2eacc1d327fa
1777076230423,73129987796714,0.60333884,-4.7764325,8.525752,-0.05375614,0.029321533,0.013439035,FALLS,2eacc1d327fa
1777076230425,73130007938315,0.60333884,-4.735731,8.50181,-0.065973446,0.02687807,0.010995574,FALLS,2eacc1d327fa
1777076230427,73130028079917,0.5554548,-4.8961425,8.463503,-0.065973446,0.040317107,0.012217305,FALLS,2eacc1d327fa
1777076230434,73130048221519,0.59376204,-4.783615,8.516175,-0.052534413,0.047647487,0.007330383,FALLS,2eacc1d327fa
1777076230502,73130068363120,0.59615624,-4.8147397,8.578424,-0.05375614,0.04153884,0.010995574,FALLS,2eacc1d327fa
1777076230506,73130088504722,0.5530606,-4.7500963,8.552089,-0.073303826,0.03176499,0.009773844,FALLS,2eacc1d327fa
1777076230508,73130108676841,0.51954174,-4.757279,8.544906,-0.10751228,0.030543262,0.017104227,FALLS,2eacc1d327fa
1777076230515,73130128787925,0.5722142,-4.9105077,8.66701,-0.12217305,0.02321288,0.015882496,FALLS,2eacc1d327fa
1777076230573,73130148960044,0.7110779,-4.84347,8.722076,-0.07819075,0.014660766,0.015882496,FALLS,2eacc1d327fa
1777076230575,73130169101646,0.62967503,-4.685453,8.779537,-0.059864793,0.02076942,0.017104227,FALLS,2eacc1d327fa
1777076230581,73130189182212,0.81163436,-4.522647,8.8777,-0.096516706,0.02076942,0.02321288,FALLS,2eacc1d327fa
1777076230596,73130209354331,0.80205756,-4.5753193,8.808268,-0.15515977,0.02565634,0.009773844,FALLS,2eacc1d327fa
1777076230641,73130229526450,0.90500826,-4.4436383,8.734048,-0.10629055,0.05497787,-0.014660766,FALLS,2eacc1d327fa
1777076230642,73130249668052,0.9768343,-4.441244,8.568848,-0.073303826,0.095294975,-0.019547688,FALLS,2eacc1d327fa
1777076230659,73130269779136,0.9983821,-4.1180267,8.444349,-0.017104227,0.12583824,-0.035430185,FALLS,2eacc1d327fa
1777076230704,73130289951255,0.9600749,-4.2401314,8.461109,0.021991149,0.15027285,0.0061086523,FALLS,2eacc1d327fa
1777076230706,73130310031821,0.90261406,-4.175488,8.329428,-0.008552114,0.13927728,0.0012217305,FALLS,2eacc1d327fa
1777076230813,73130330203940,0.8643068,-4.122815,8.350976,-0.09773844,0.119729586,0.0,FALLS,2eacc1d327fa
1777076230815,73130350284507,0.7685388,-4.144363,8.2169,-0.20525073,0.096516706,0.009773844,FALLS,2eacc1d327fa
1777076230817,73130370426108,0.7398083,-4.1515455,8.219295,-0.2773328,0.0842994,0.035430185,FALLS,2eacc1d327fa
1777076230819,73130390567710,0.581791,-4.331111,8.259995,-0.3286455,0.095294975,0.059864793,FALLS,2eacc1d327fa
1777076230822,73130410678794,0.5722142,-4.5872903,7.9870567,-0.32375857,0.089186326,0.09040806,FALLS,2eacc1d327fa
1777076230824,73130430820396,0.6751649,-4.4963107,8.003817,-0.2602286,0.09162979,0.1160644,FALLS,2eacc1d327fa
1777076230838,73130450900962,0.5722142,-4.3598413,8.224083,-0.16982053,0.1282817,0.15760323,FALLS,2eacc1d327fa
1777076230933,73130471042564,0.5554548,-4.3047748,8.255207,-0.18570304,0.15760323,0.16615535,FALLS,2eacc1d327fa
1777076230936,73130491184165,0.5722142,-4.3478703,8.228871,-0.24923302,0.20280726,0.15760323,FALLS,2eacc1d327fa
1777076230938,73130511295249,0.49320555,-4.3167458,8.200141,-0.28099802,0.25534168,0.15271631,FALLS,2eacc1d327fa
1777076230939,73130531467368,0.51235914,-4.367024,8.283937,-0.32253686,0.30787608,0.15027285,FALLS,2eacc1d327fa
1777076230941,73130551608970,0.50517654,-4.5298295,8.355764,-0.37140608,0.36651915,0.15760323,FALLS,2eacc1d327fa
1777076230974,73130571781089,0.6775591,-4.6471453,8.446744,-0.38728857,0.41172317,0.17348573,FALLS,2eacc1d327fa
1777076231052,73130591953208,0.58657944,-4.747702,8.540117,-0.42271876,0.4447099,0.18203785,FALLS,2eacc1d327fa
1777076231054,73130612094810,0.6392518,-4.745308,8.492233,-0.40683624,0.4886922,0.18203785,FALLS,2eacc1d327fa
1777076231056,73130632205894,0.5363012,-4.7046065,8.480263,-0.38973203,0.5204572,0.16126843,FALLS,2eacc1d327fa
1777076231059,73130652378013,0.5746084,-4.72376,8.516175,-0.41538838,0.5375614,0.13927728,FALLS,2eacc1d327fa
1777076231061,73130672550132,0.44532153,-5.1690817,8.535329,-0.43249258,0.548557,0.13316862,FALLS,2eacc1d327fa
1777076231081,73130692691733,0.21068975,-5.753267,8.631097,-0.37751472,0.54244834,0.13805555,FALLS,2eacc1d327fa
1777076231126,73130712741782,-0.19393034,-6.0597243,8.631097,-0.26511553,0.5131268,0.15271631,FALLS,2eacc1d327fa
1777076231128,73130732913901,-0.18674773,-6.3206925,8.767567,-0.24190263,0.45814893,0.15515977,FALLS,2eacc1d327fa
1777076231148,73130752933433,-0.39025488,-6.421249,8.825027,-0.28221974,0.37873647,0.15271631,FALLS,2eacc1d327fa
1777076231193,73130773075034,-0.5746084,-6.5816603,8.853758,-0.2883284,0.33108896,0.16126843,FALLS,2eacc1d327fa
1777076231195,73130793155601,-0.9816227,-6.9886746,8.949526,-0.3200934,0.27855456,0.19914207,FALLS,2eacc1d327fa
1777076231202,73130813266685,-1.3503298,-7.620744,9.100361,-0.3005457,0.16249016,0.27000242,FALLS,2eacc1d327fa
1777076231254,73130833377769,-1.6376339,-8.212111,9.349358,-0.23701571,0.02687807,0.31887165,FALLS,2eacc1d327fa
1777076231257,73130853549888,-1.8339585,-8.576031,9.375694,-0.20280726,-0.089186326,0.3286455,FALLS,2eacc1d327fa
1777076231273,73130873630454,-2.171541,-8.937555,9.090784,-0.19547687,-0.16615535,0.32742378,FALLS,2eacc1d327fa
1777076231319,73130893802573,-2.1667526,-9.325416,8.767567,-0.17959438,-0.17837265,0.3042109,FALLS,2eacc1d327fa
1777076231322,73130913883140,-2.4971523,-10.029311,8.365341,-0.096516706,-0.17959438,0.3885103,FALLS,2eacc1d327fa
1777076231328,73130934055259,-2.9640217,-9.89763,8.190564,0.056199603,-0.10995574,0.3652974,FALLS,2eacc1d327fa
1777076231437,73130954227378,-3.2800562,-9.52174,8.166622,0.09407325,-0.019547688,0.30909783,FALLS,2eacc1d327fa
1777076231442,73130974368980,-2.9783869,-8.887277,8.26239,-0.036651913,0.04520403,0.21013765,FALLS,2eacc1d327fa
1777076231443,73130994480064,-2.7485435,-8.750807,7.9391727,-0.22602014,0.105068825,0.15149458,FALLS,2eacc1d327fa
1777076231445,73131014621665,-2.5378537,-8.693346,7.6470804,-0.408058,0.17104226,0.0842994,FALLS,2eacc1d327fa
1777076231449,73131034793784,-2.4181437,-8.887277,7.4387846,-0.44226643,0.25411993,0.062308256,FALLS,2eacc1d327fa
1777076231452,73131054935386,-2.3774424,-8.822633,7.3765354,-0.31398472,0.32742378,0.043982297,FALLS,2eacc1d327fa
1777076231471,73131075046470,-2.4301147,-8.583213,7.553706,-0.21624629,0.3848451,-0.002443461,FALLS,2eacc1d327fa
1777076231566,73131095157554,-2.2290018,-8.571242,7.632715,-0.058643065,0.4251622,-0.04520403,FALLS,2eacc1d327fa
1777076231568,73131115268638,-2.2266076,-8.135497,7.785944,0.16249016,0.43004912,-0.02321288,FALLS,2eacc1d327fa
1777076231569,73131135440757,-2.0925324,-8.307879,7.807492,0.21135938,0.35308012,0.047647487,FALLS,2eacc1d327fa
1777076231571,73131155582358,-2.078167,-8.147469,7.6590514,0.2443461,0.25778514,0.057421334,FALLS,2eacc1d327fa
1777076231574,73131175693442,-1.982399,-7.433996,7.6111674,0.23579398,0.16126843,-0.019547688,FALLS,2eacc1d327fa
1777076231583,73131195835044,-1.7022774,-6.811504,7.3166804,0.25411993,0.11484267,-0.25534168,FALLS,2eacc1d327fa
1777076231689,73131215976646,-1.6112977,-6.397307,7.091625,0.28710666,-0.02687807,-0.17837265,FALLS,2eacc1d327fa
1777076231693,73131236057212,-1.3503298,-6.169858,7.079654,0.22357668,-0.1441642,-0.2284636,FALLS,2eacc1d327fa
1777076231696,73131256198814,-1.2689269,-6.126762,7.019799,0.25045475,-0.21624629,-0.23090707,FALLS,2eacc1d327fa
1777076231698,73131276340415,-1.4580688,-6.1004257,6.969521,0.3005457,-0.23457226,-0.24190263,FALLS,2eacc1d327fa
1777076231700,73131296512534,-1.484405,-5.949591,6.9479733,0.4373795,-0.344528,-0.27000242,FALLS,2eacc1d327fa
1777076231702,73131316654136,-1.460463,-5.556942,7.129933,0.48258355,-0.37873647,-0.2724459,FALLS,2eacc1d327fa
1777076231722,73131336826255,-1.7022774,-5.509058,7.2448545,0.50701815,-0.49968776,-0.24678956,FALLS,2eacc1d327fa
1777076231816,73131356906821,-1.5131354,-5.4085016,7.2304893,0.44959682,-0.5815437,-0.3933972,FALLS,2eacc1d327fa
1777076231818,73131377048423,-1.541866,-5.9160724,7.0605006,0.5497787,-0.6365216,-0.3481932,FALLS,2eacc1d327fa
1777076231820,73131397190024,-1.328782,-5.683835,7.16824,0.8002335,-0.675617,-0.30298916,FALLS,2eacc1d327fa
1777076231823,73131417301108,-1.1875241,-5.3582234,6.945579,0.9272934,-0.6389651,-0.3115413,FALLS,2eacc1d327fa
1777076231827,73131437412192,-1.2785037,-4.817134,6.88333,0.9443977,-0.6084218,-0.4605924,FALLS,2eacc1d327fa
1777076231845,73131457553794,-1.0127473,-4.297592,6.7564373,0.92485,-0.5876524,-0.47647488,FALLS,2eacc1d327fa
1777076231944,73131477695396,-0.7254431,-4.0773253,6.6367273,0.8185594,-0.54733527,-0.48624873,FALLS,2eacc1d327fa
1777076231947,73131497775962,-0.58418524,-3.727772,6.615179,0.79290307,-0.43982297,-0.43004912,FALLS,2eacc1d327fa
1777076231950,73131517948081,-0.49081135,-4.0294414,6.5816603,0.7134906,-0.3885103,-0.37751472,FALLS,2eacc1d327fa
1777076231952,73131538089683,-0.39743748,-3.928885,6.4906807,0.7452556,-0.3115413,-0.33475417,FALLS,2eacc1d327fa
1777076231954,73131558231284,0.0,-3.0334535,6.600814,0.8576548,-0.22602014,-0.23579398,FALLS,2eacc1d327fa
1777076231974,73131578372886,0.2633622,-2.597709,6.399701,0.8344419,-0.14905111,-0.08552113,FALLS,2eacc1d327fa
1777076232023,73131598514487,0.093373865,-2.4660277,6.423643,0.7538077,-0.056199603,0.05375614,FALLS,2eacc1d327fa
1777076232025,73131618656089,-0.5243302,-4.2640734,7.0844426,0.6792821,-0.018325957,0.19914207,FALLS,2eacc1d327fa
1777076232029,73131638797690,-1.1085154,-5.6982,7.8386164,0.7330383,-0.09040806,0.15149458,FALLS,2eacc1d327fa
1777076232046,73131658969810,-0.90500826,-5.401319,8.080431,1.033584,-0.111177474,0.111177474,FALLS,2eacc1d327fa
1777076232088,73131679141929,-0.5746084,-4.5777135,8.104373,1.1801916,-0.15393804,0.08307768,FALLS,2eacc1d327fa
1777076232090,73131699283530,-0.6607997,-3.8283286,7.8984714,1.0421361,-0.16737708,0.040317107,FALLS,2eacc1d327fa
1777076232195,73131719425132,-0.7038953,-3.2345665,7.8386164,0.80756384,-0.15882497,0.015882496,FALLS,2eacc1d327fa
1777076232198,73131739597251,-0.4381389,-3.4572272,7.9463553,0.39828414,-0.18203785,-0.009773844,FALLS,2eacc1d327fa
1777076232200,73131759738853,-0.18195933,-3.7229836,8.030152,0.20647246,-0.13805555,-0.0061086523,FALLS,2eacc1d327fa
1777076232202,73131779880454,0.074220255,-3.4883518,8.0684595,0.22357668,-0.0842994,-0.028099801,FALLS,2eacc1d327fa
1777076232206,73131799991538,0.20111294,-3.1387985,8.212111,0.25534168,-0.004886922,-0.05497787,FALLS,2eacc1d327fa
1777076232211,73131820163657,0.19632454,-2.9113493,8.37013,0.21746802,0.07086037,-0.0842994,FALLS,2eacc1d327fa
1777076232266,73131840305259,0.22266077,-3.0142999,8.573636,0.18692477,0.14660765,-0.081855945,FALLS,2eacc1d327fa
1777076232267,73131860385825,0.15562311,-3.2202013,8.4347725,0.12339478,0.19181168,-0.14049901,FALLS,2eacc1d327fa
1777076232269,73131880557944,0.17238252,-3.2561142,8.6095495,0.15271631,0.22357668,-0.17959438,FALLS,2eacc1d327fa
1777076232290,73131900699546,0.1364695,-3.3255463,8.858546,0.15515977,0.21135938,-0.1600467,FALLS,2eacc1d327fa
1777076232335,73131920871665,0.19153613,-3.1914709,8.851364,0.15882497,0.204029,-0.081855945,FALLS,2eacc1d327fa
1777076232339,73131941013267,-0.045489833,-3.0789435,8.92319,0.1160644,0.17348573,-0.111177474,FALLS,2eacc1d327fa
1777076232346,73131961093833,-0.16998832,-2.8514943,9.227253,-0.010995574,0.17715092,-0.15393804,FALLS,2eacc1d327fa
1777076232399,73131981265952,-0.1412579,-2.7006595,9.3421755,-0.27366763,0.12339478,-0.21868975,FALLS,2eacc1d327fa
1777076232402,73132001377036,-0.06703765,-3.2968156,9.425972,-0.4642576,0.089186326,-0.15271631,FALLS,2eacc1d327fa
1777076232408,73132021518638,-0.11252748,-3.5625722,9.524135,-0.44348818,0.09040806,-0.06841691,FALLS,2eacc1d327fa
1777076232512,73132041690757,0.095768064,-3.608062,9.435549,-0.24312437,0.13805555,0.015882496,FALLS,2eacc1d327fa
1777076232514,73132061862876,-0.06703765,-3.3758245,9.337387,0.036651913,0.17592919,0.09773844,FALLS,2eacc1d327fa
1777076232515,73132082004478,-0.16759412,-2.9041667,9.440337,0.12339478,0.16737708,0.12339478,FALLS,2eacc1d327fa
1777076232519,73132102146079,-0.059855044,-3.0621839,9.655815,-0.012217305,0.15515977,0.07086037,FALLS,2eacc1d327fa
1777076232522,73132122287681,0.0023942017,-3.3518825,9.816227,0.004886922,0.1600467,0.035430185,FALLS,2eacc1d327fa
1777076232528,73132142429282,-0.11492168,-3.6008794,9.65821,0.10995574,0.15515977,-0.032986723,FALLS,2eacc1d327fa
1777076232584,73132162570884,-0.16519992,-3.301604,9.607931,0.19914207,0.13439035,-0.09407325,FALLS,2eacc1d327fa
1777076232586,73132182712485,-0.2633622,-3.1435869,9.461885,0.1441642,0.103847094,-0.13927728,FALLS,2eacc1d327fa
1777076232591,73132202884605,-0.38067806,-3.1244333,9.490616,0.058643065,0.06841691,-0.14905111,FALLS,2eacc1d327fa
1777076232698,73132222995689,-0.31603462,-3.1651347,9.289502,-0.014660766,0.035430185,-0.13316862,FALLS,2eacc1d327fa
1777076232701,73132243167808,-0.4285621,-3.2824504,9.011775,0.004886922,0.012217305,-0.057421334,FALLS,2eacc1d327fa
1777076232703,73132263278892,-0.6344634,-3.0813377,8.8777,0.0036651916,-0.0012217305,-0.014660766,FALLS,2eacc1d327fa
1777076232708,73132283389976,-0.49320555,-3.2632968,8.9998045,-0.043982297,0.0012217305,0.004886922,FALLS,2eacc1d327fa
1777076232711,73132303501060,-0.2681506,-3.1316159,9.251195,-0.095294975,0.014660766,-0.018325957,FALLS,2eacc1d327fa
1777076232713,73132323673179,-0.320823,-3.3159695,9.358934,-0.14905111,0.019547688,0.013439035,FALLS,2eacc1d327fa
1777076232778,73132343784263,-0.38307226,-3.4476504,9.220071,-0.12217305,0.021991149,0.04520403,FALLS,2eacc1d327fa
1777076232781,73132363925864,-0.39983168,-3.478775,9.294291,-0.089186326,0.032986723,0.021991149,FALLS,2eacc1d327fa
1777076232783,73132384067466,-0.34715924,-3.4835634,9.325416,-0.036651913,0.035430185,-0.013439035,FALLS,2eacc1d327fa
1777076232803,73132404178550,-0.31124622,-3.2010477,9.454702,-0.010995574,0.039095376,-0.02687807,FALLS,2eacc1d327fa
1777076232846,73132424350669,-0.2873042,-3.2920272,9.3421755,-0.02321288,0.03176499,-0.030543262,FALLS,2eacc1d327fa
1777076232848,73132444431235,-0.46926352,-3.406949,9.14585,-0.02443461,0.012217305,-0.034208454,FALLS,2eacc1d327fa
1777076232854,73132464542319,-0.4261679,-3.6846764,9.112331,0.002443461,0.0036651916,-0.032986723,FALLS,2eacc1d327fa
1777076232962,73132484622886,-0.47884035,-3.58412,9.131485,0.035430185,0.010995574,-0.042760566,FALLS,2eacc1d327fa
1777076232965,73132504764487,-0.36391866,-3.4261026,9.138668,0.02687807,0.0012217305,-0.039095376,FALLS,2eacc1d327fa
1777076232968,73132524936606,-0.4405331,-3.2704794,9.215282,0.0012217305,-0.0012217305,-0.02687807,FALLS,2eacc1d327fa
1777076232973,73132545017173,-0.4261679,-3.359065,9.19134,-0.05375614,-0.0061086523,-0.013439035,FALLS,2eacc1d327fa
1777076232977,73132565128257,-0.3854665,-3.3997664,9.26556,-0.07819075,-0.009773844,-0.0012217305,FALLS,2eacc1d327fa
1777076232979,73132585300376,-0.3854665,-3.4811692,9.246407,-0.035430185,0.0012217305,0.0,FALLS,2eacc1d327fa
1777076232994,73132605380942,-0.4357447,-3.4332852,9.19134,0.028099801,0.008552114,-0.002443461,FALLS,2eacc1d327fa
1777076233093,73132625522544,-0.39264908,-3.3399115,9.179369,0.05375614,0.0012217305,-0.012217305,FALLS,2eacc1d327fa
1777076233095,73132645633628,-0.34955344,-3.3806129,9.109938,0.03176499,-0.0036651916,-0.008552114,FALLS,2eacc1d327fa
1777076233096,73132665775230,-0.30885202,-3.3279405,9.14585,0.0061086523,-0.014660766,0.0012217305,FALLS,2eacc1d327fa
1777076233099,73132685886314,-0.2777274,-3.347094,9.160215,-0.013439035,-0.019547688,0.012217305,FALLS,2eacc1d327fa
1777076233101,73132706027915,-0.36391866,-3.4093432,9.136273,-0.030543262,-0.002443461,0.04886922,FALLS,2eacc1d327fa
1777076233112,73132726108481,-3.2872388,-4.807557,11.075577,0.10262536,-0.009773844,0.029321533,FALLS,2eacc1d327fa
1777076233171,73132746219565,-0.61291564,-2.896984,9.153033,0.21380283,0.19303341,0.12705997,FALLS,2eacc1d327fa
1777076233173,73132766330649,-0.2825158,-3.2154129,9.610326,-0.017104227,0.052534413,0.021991149,FALLS,2eacc1d327fa
1777076233174,73132786502769,-0.18435353,-3.4596214,9.813833,-0.25045475,0.010995574,0.034208454,FALLS,2eacc1d327fa
1777076233195,73132806644370,-1.7381904,-4.2401314,9.361329,-0.29565877,-0.028099801,-0.029321533,FALLS,2eacc1d327fa
1777076233223,73132826785972,0.37110126,-3.3782187,9.287108,-0.0061086523,-0.04886922,-0.02565634,FALLS,2eacc1d327fa
1777076233426,73132846927573,-0.5315128,-3.2249897,9.078813,0.065973446,-0.057421334,-0.06719518,FALLS,2eacc1d327fa
1777076233429,73132867099692,-0.088585466,-3.323152,9.059659,0.009773844,-0.043982297,-0.03176499,FALLS,2eacc1d327fa
1777076233431,73132887241294,-0.37349546,-3.301604,8.868123,-0.0061086523,-0.02321288,-0.058643065,FALLS,2eacc1d327fa
1777076233435,73132907382896,-0.36152446,-3.2465374,8.896853,-0.04153884,-0.007330383,-0.02076942,FALLS,2eacc1d327fa
1777076233437,73132927524497,-0.35434186,-3.2992098,8.963891,-0.07696902,0.0,-0.0012217305,FALLS,2eacc1d327fa
1777076233440,73132947696616,-0.33518824,-3.4045548,9.105149,-0.081855945,0.0012217305,0.007330383,FALLS,2eacc1d327fa
1777076233442,73132967838218,-0.2705448,-3.478775,9.217676,-0.04520403,0.0036651916,0.02321288,FALLS,2eacc1d327fa
1777076233444,73132987949302,-0.19153613,-3.301604,9.232041,-0.021991149,0.0012217305,0.047647487,FALLS,2eacc1d327fa
1777076233451,73133008090903,-0.33518824,-3.4524388,9.205706,-0.052534413,-0.017104227,0.052534413,FALLS,2eacc1d327fa
1777076233452,73133028201987,-0.23463176,-3.478775,9.198523,-0.062308256,-0.019547688,0.035430185,FALLS,2eacc1d327fa
1777076233454,73133048343589,-0.18914193,-3.53863,9.258378,-0.04886922,-0.012217305,0.02076942,FALLS,2eacc1d327fa
